words	freq	n	p
撚	1784851	1	0.152087928
屌	1138030	1	0.09697203
仆街	582341	2	0.049621529
曱甴	547631	2	0.046663875
鳩	465039	1	0.039626175
黑警	462733	2	0.03942968
柒	375822	1	0.032023956
暴徒	375024	2	0.031955958
支那	323268	2	0.027545807
on9	277314	3	0.023630046
賤	261530	1	0.022285085
五毛	212192	2	0.018080972
收皮	162090	2	0.013811759
閪	160368	1	0.013665027
廢青	141964	2	0.012096814
犯民	124473	2	0.010606398
廢老	111863	2	0.009531895
無恥	96490	2	0.008221955
食屎	95985	2	0.008178924
黃屍	94745	2	0.008073263
弱智	93917	2	0.008002708
政棍	92950	2	0.00792031
左膠	86803	2	0.007396521
人渣	85151	2	0.007255754
戇	73633	1	0.0062743
藍屍	70683	2	0.006022929
5毛	66424	2	0.005660018
冚家	64209	2	0.005471277
黑暴	62839	2	0.005354538
警犬	62471	2	0.005323181
屎忽	55173	2	0.004701315
港豬	54985	2	0.004685296
老味	52636	2	0.004485136
廢柴	52165	2	0.004445002
走狗	51569	2	0.004394217
蝗蟲	51534	2	0.004391235
狗官	49888	2	0.004250978
黃人	49567	2	0.004223626
學雞	46909	2	0.003997136
尻	43655	1	0.003719861
popo	40879	4	0.003483317
契弟	39590	2	0.003373481
暴民	39374	2	0.003355076
春袋	38978	2	0.003321332
飯民	37209	2	0.003170595
共狗	35472	2	0.003022585
林奠	34245	2	0.002918031
黃狗	31190	2	0.002657713
共匪	31128	2	0.00265243
腦殘	30427	2	0.002592698
黑醫	30412	2	0.00259142
三毛	30271	2	0.002579405
DLLM	29475	4	0.002511578
妓者	28410	2	0.002420828
鄉黑	28109	2	0.00239518
痴瘋	27177	2	0.002315764
畜生	26557	2	0.002262933
黑記	26299	2	0.002240949
cls	25705	3	0.002190334
diu	25510	3	0.002173718
垃圾會	24864	3	0.002118672
狗仔	22491	2	0.001916468
乜春	22101	2	0.001883236
美狗	22049	2	0.001878805
強國人	21942	3	0.001869687
河童	21709	2	0.001849833
傻西	21664	2	0.001845999
何妖	20809	2	0.001773144
黃畜	19966	2	0.001701312
臭西	19076	2	0.001625474
雜種	18945	2	0.001614312
貪曾	18736	2	0.001596503
黑狗	18499	2	0.001576308
扑街	18115	2	0.001543587
毛狗	17709	2	0.001508992
燒山	17583	2	0.001498255
兒登	16430	2	0.001400007
菊花	15758	2	0.001342746
肛門	15308	2	0.001304401
淋病	15064	2	0.00128361
咸濕	14183	2	0.00120854
豬西	14180	2	0.001208284
敗類	13342	2	0.001136878
共慘	13212	2	0.0011258
廢中	12871	2	0.001096743
特狗	11765	2	0.001002501
克警	11762	2	0.001002245
警狗	11713	2	0.00099807
能死	11410	2	0.000972251
狀棍	11208	2	0.000955039
黑護	11207	2	0.000954953
卜街	11148	2	0.000949926
黃官	11141	2	0.000949329
港燦	10977	2	0.000935355
妓協	10871	2	0.000926323
7頭	10812	2	0.000921295
戴妖	10457	2	0.000891046
黃屎	10409	2	0.000886955
你老尾	9938	3	0.000846821
黑鬼	9900	2	0.000843583
磚家	9858	2	0.000840004
硬膠	9489	2	0.000808562
臭雞	9487	2	0.000808391
洋奴	9427	2	0.000803279
賓周	9014	2	0.000768087
狗賊	8886	2	0.00075718
傻侵	8831	2	0.000752493
教畜	8741	2	0.000744824
含家	8687	2	0.000740223
學牲	8528	2	0.000726675
死蠢	8515	2	0.000725567
黃痴	8503	2	0.000724544
廢佬	8455	2	0.000720454
耳猿	8339	2	0.00071057
假膠	8300	2	0.000707247
甴曱	8264	2	0.000704179
賓州	7975	2	0.000679553
甲由	7975	2	0.000679553
攻民	7948	2	0.000677253
牛屎佬	7895	3	0.000672736
私煙	7852	2	0.000669072
泛暴	7804	2	0.000664982
fucking	7677	7	0.000654161
港廢	7655	2	0.000652286
肥彭	7652	2	0.00065203
狗隊	7501	2	0.000639163
暴徙	7399	2	0.000630472
學棍	7330	2	0.000624592
收嗲	7316	2	0.0006234
尾狗	7215	2	0.000614793
能樣	7175	2	0.000611385
反民	6977	2	0.000594513
狗奴	6903	2	0.000588208
思歪	6826	2	0.000581646
賣港賊	6822	3	0.000581306
力架	6711	2	0.000571847
陷家	6576	2	0.000560344
衰格	6524	2	0.000555913
老屍	6421	2	0.000547136
紅官	6400	2	0.000545347
福街	6355	2	0.000541512
生番	6353	2	0.000541342
販民	6350	2	0.000541086
杏加	6271	2	0.000534355
鬼子	6268	2	0.000534099
一毛	6256	2	0.000533076
魔警	6200	2	0.000528305
腫桶	6110	2	0.000520636
共奴	5990	2	0.00051041
黑媒	5910	2	0.000503594
福佳	5831	2	0.000496862
吃屎	5774	2	0.000492005
台狗	5723	2	0.000487659
8婆	5636	2	0.000480246
李漢奸	5631	3	0.00047982
習帝	5575	2	0.000475048
蟑螂	5493	2	0.000468061
教棍	5487	2	0.00046755
狗乸	5442	2	0.000463715
妖孽	5412	2	0.000461159
泛民狗	5374	3	0.000457921
癲佬	5369	2	0.000457495
阻膠	5346	2	0.000455535
膠人	5316	2	0.000452979
七頭	5293	2	0.000451019
狼英	5280	2	0.000449911
假記	5248	2	0.000447184
朱西	5135	2	0.000437556
黃蟲	5093	2	0.000433977
林病	5074	2	0.000432358
呆灣人	5033	3	0.000428864
保皇狗	4928	3	0.000419917
警賊	4926	2	0.000419747
hihi	4818	4	0.000410544
倭寇	4757	2	0.000405346
肥西	4740	2	0.000403897
陸蝗	4722	2	0.000402364
日狗	4712	2	0.000401512
乜能	4684	2	0.000399126
西奴	4604	2	0.000392309
陸喱	4602	2	0.000392138
西狗	4571	2	0.000389497
狗女	4525	2	0.000385577
屍歪	4523	2	0.000385407
左狗	4437	2	0.000378079
犯氓	4414	2	0.000376119
痴左線	4363	3	0.000371773
畜龍	4357	2	0.000371262
母老	4307	2	0.000367001
黑驚	4271	2	0.000363934
李卓淫	4240	3	0.000361292
狗西	4129	2	0.000351834
比卡超	4129	3	0.000351834
習種	4043	2	0.000344506
陰莖	4034	2	0.000343739
裝屎	4015	2	0.00034212
滷味	3922	2	0.000334195
鹵味	3859	2	0.000328827
僕街	3801	2	0.000323885
肥黎	3795	2	0.000323374
獨狗	3737	2	0.000318431
支拿	3712	2	0.000316301
膠登	3670	2	0.000312722
杏家	3652	2	0.000311189
撲街	3610	2	0.00030761
劣屍	3596	2	0.000306417
痴痴地	3568	3	0.000304031
黑妓	3512	2	0.000299259
坡狗	3503	2	0.000298492
我吊	3447	2	0.00029372
狗人	3443	2	0.00029338
英狗	3435	2	0.000292698
打七	3377	2	0.000287756
狗畜	3370	2	0.000287159
肥仔金	3365	3	0.000286733
黃絲狗	3317	3	0.000282643
警畜	3293	2	0.000280598
糞青	3280	2	0.00027949
奶西	3273	2	0.000278894
憨	3256	1	0.000277445
乜九	3229	2	0.000275144
白鬼	3225	2	0.000274804
比人吊	3191	3	0.000271906
扮記	3182	2	0.00027114
廢官	3181	2	0.000271054
梁瓜	3155	2	0.000268839
日本狗	3152	3	0.000268583
鼠王	3115	2	0.000265431
濕九	3112	2	0.000265175
犯聞	3089	2	0.000263215
孽畜	3079	2	0.000262363
笨實	3074	2	0.000261937
君妖	3048	2	0.000259721
狗樣	3027	2	0.000257932
飯聞	3025	2	0.000257762
趴街	3001	2	0.000255717
禿鷹	2985	2	0.000254353
狗黨	2978	2	0.000253757
狗棺	2955	2	0.000251797
臭化	2954	2	0.000251712
法棍	2921	2	0.0002489
餵精	2902	2	0.000247281
輸機	2882	2	0.000245576
警謊	2864	2	0.000244043
雜總	2862	2	0.000243872
孽瘤	2852	2	0.00024302
奸狗	2837	2	0.000241742
警渣	2813	2	0.000239697
肥仔恩	2797	3	0.000238334
法狗	2781	2	0.00023697
蟲泰	2780	2	0.000236885
蘿蔔頭	2763	3	0.000235436
岸九	2730	2	0.000232624
jm9	2719	3	0.000231687
煩膠	2677	2	0.000228108
湯渣	2641	2	0.000225041
唐豬	2586	2	0.000220354
犯狗	2579	2	0.000219758
笨7	2563	2	0.000218394
尾腳	2560	2	0.000218139
港蝗	2547	2	0.000217031
傻普	2533	2	0.000215838
扒街	2528	2	0.000215412
笨七	2527	2	0.000215327
泛狗	2523	2	0.000214986
犯暴	2468	2	0.000210299
黑教	2434	2	0.000207402
陸哩	2431	2	0.000207147
全霉	2391	2	0.000203738
陳日軍	2385	3	0.000203227
港西	2372	2	0.000202119
大口玲	2369	3	0.000201864
傳霉	2366	2	0.000201608
毛魔	2365	2	0.000201523
律屍	2350	2	0.000200245
藍狗	2338	2	0.000199222
民屎	2332	2	0.000198711
學畜	2314	2	0.000197177
侵粉	2303	2	0.00019624
曲街	2301	2	0.000196069
窮西	2293	2	0.000195388
公狗	2270	2	0.000193428
劣師	2269	2	0.000193342
老未	2253	2	0.000191979
收晒皮	2252	3	0.000191894
男屍	2215	2	0.000188741
蝗屍	2207	2	0.000188059
驚西	2171	2	0.000184992
英犬	2161	2	0.00018414
生蕃	2161	2	0.00018414
凸首	2129	2	0.000181413
歐豬	2124	2	0.000180987
老無	2118	2	0.000180476
美爹	2096	2	0.000178601
醫畜	2076	2	0.000176897
廢坑	2069	2	0.0001763
區已完	2067	3	0.00017613
肥婆蘭	2058	3	0.000175363
含能	2045	2	0.000174255
躝癱	2037	2	0.000173574
日寇	2030	2	0.000172977
老燒	1970	2	0.000167865
收爹	1956	2	0.000166672
死能	1955	2	0.000166586
藍屎	1954	2	0.000166501
智瘋	1937	2	0.000165053
蟥	1919	1	0.000163519
犯淫	1910	2	0.000162752
共賊	1905	2	0.000162326
倭奴	1901	2	0.000161985
廢西	1893	2	0.000161303
顛狗	1854	2	0.00015798
港哩	1846	2	0.000157298
之瘋	1839	2	0.000156702
警魔	1815	2	0.000154657
打九	1797	2	0.000153123
惡橋	1791	2	0.000152612
狗記	1789	2	0.000152441
老母個西	1773	4	0.000151078
大波驊	1767	3	0.000150567
肥金	1764	2	0.000150311
港奴	1746	2	0.000148777
美畜	1743	2	0.000148522
大口狗	1727	3	0.000147158
愛侵力	1720	3	0.000146562
朴街	1718	2	0.000146392
鬼島	1717	2	0.000146306
老懵董	1715	3	0.000146136
藍絲狗	1704	3	0.000145199
曾狗	1700	2	0.000144858
燒生	1697	2	0.000144602
俾人吊	1687	3	0.00014375
教屍	1685	2	0.00014358
九官	1672	2	0.000142472
保蝗	1668	2	0.000142131
淫媒	1662	2	0.00014162
尾國人	1661	3	0.000141535
敗登	1654	2	0.000140938
支畜	1622	2	0.000138211
蝻	1621	1	0.000138126
黃豬	1615	2	0.000137615
白狗	1603	2	0.000136592
黑議	1596	2	0.000135996
藍畜	1595	2	0.000135911
共黑	1588	2	0.000135314
洋狗	1574	2	0.000134121
妖傑	1572	2	0.000133951
匪共	1572	2	0.000133951
痴能線	1569	3	0.000133695
教脅	1554	2	0.000132417
港畜	1553	2	0.000132332
法棺	1550	2	0.000132076
英奴	1549	2	0.000131991
犯文	1544	2	0.000131565
暴黃	1542	2	0.000131394
仆晒街	1541	3	0.000131309
癲婆	1538	2	0.000131054
傻狗	1534	2	0.000130713
仆佳	1528	2	0.000130202
蕉雄	1520	2	0.00012952
肥老黎	1516	3	0.000129179
狗種	1510	2	0.000128668
肥平	1510	2	0.000128668
老帽	1474	2	0.0001256
美奴	1468	2	0.000125089
支人	1464	2	0.000124748
含啦	1462	2	0.000124578
蟈人	1447	2	0.000123299
生滋	1445	2	0.000123129
西滴	1438	2	0.000122533
野種	1431	2	0.000121936
肥泥	1425	2	0.000121425
膠帖	1417	2	0.000120743
飯文	1413	2	0.000120402
孽種	1401	2	0.00011938
乃西	1398	2	0.000119124
屄	1396	1	0.000118954
臭系	1394	2	0.000118783
瘋瘋	1392	2	0.000118613
查飛狗	1386	3	0.000118102
左癌	1382	2	0.000117761
抵9死	1381	3	0.000117676
痴風	1378	2	0.00011742
公淫	1378	2	0.00011742
小爆	1376	2	0.00011725
小喇叭	1365	3	0.000116312
膠仔	1356	2	0.000115545
廿蚊張	1346	3	0.000114693
乜狗	1330	2	0.00011333
痴晒線	1329	3	0.000113245
震英	1319	2	0.000112393
驚方	1316	2	0.000112137
拉九	1311	2	0.000111711
痴鋒	1308	2	0.000111455
支狗	1306	2	0.000111285
教獸	1304	2	0.000111114
化西	1301	2	0.000110859
塗生	1289	2	0.000109836
費青	1284	2	0.00010941
學淫	1279	2	0.000108984
有春用	1268	3	0.000108047
尾角佬	1257	3	0.00010711
狗渣	1256	2	0.000107024
傻系	1243	2	0.000105917
老鼠成	1239	3	0.000105576
死肥婆	1233	3	0.000105064
淋奠	1224	2	0.000104298
狗察	1224	2	0.000104298
碌野	1220	2	0.000103957
引戰狗	1218	3	0.000103786
畜聾	1216	2	0.000103616
支國人	1210	3	0.000103105
賓洲	1209	2	0.000103019
癲架	1205	2	0.000102679
黑鄉	1202	2	0.000102423
把能	1197	2	0.000101997
廢警	1197	2	0.000101997
葉瘤	1187	2	0.000101145
南泡	1186	2	0.00010106
膠文	1184	2	0.000100889
帛金豪	1180	3	0.000100548
港蛙	1177	2	0.000100293
傻強	1170	2	9.96962E-05
社氓連	1169	3	9.9611E-05
乜膠	1168	2	9.95258E-05
痴峰	1154	2	9.83328E-05
短毛	1150	2	9.7992E-05
廢畜	1149	2	9.79068E-05
娘仲	1149	2	9.79068E-05
台蛙	1144	2	9.74807E-05
雞昌	1135	2	9.67138E-05
痴九	1133	2	9.65434E-05
正棍	1111	2	9.46688E-05
黑畜	1100	2	9.37315E-05
妓姐	1095	2	9.33054E-05
百痴	1085	2	9.24533E-05
笑九	1085	2	9.24533E-05
死九	1080	2	9.20273E-05
女蝗	1073	2	9.14308E-05
頂你個肺	1066	4	9.08343E-05
闔家	1063	2	9.05787E-05
澳狗	1052	2	8.96414E-05
文妓	1052	2	8.96414E-05
爛屍	1045	2	8.90449E-05
肥奧	1033	2	8.80224E-05
大波華	1032	3	8.79372E-05
藍尸	1031	2	8.7852E-05
老咪	1018	2	8.67442E-05
害人精	1013	3	8.63182E-05
學亂	1011	2	8.61477E-05
黃賊	986	2	8.40175E-05
白L痴	983	3	8.37619E-05
蕉紅	981	2	8.35914E-05
廢材	980	2	8.35062E-05
黑犬	972	2	8.28245E-05
謝蛇	971	2	8.27393E-05
真膠	962	2	8.19724E-05
霉體	959	2	8.17168E-05
游雞	947	2	8.06943E-05
狗警	945	2	8.05239E-05
九仔	934	2	7.95865E-05
狼振英	934	3	7.95865E-05
廢藍	933	2	7.95013E-05
驚犬	932	2	7.94161E-05
佔畜	932	2	7.94161E-05
陸燦	931	2	7.93309E-05
岸狗	929	2	7.91605E-05
倭仔	928	2	7.90753E-05
腦燒	927	2	7.89901E-05
甘能	922	2	7.8564E-05
吊爆	917	2	7.8138E-05
暴黑	914	2	7.78823E-05
毒能	910	2	7.75415E-05
共九	909	2	7.74563E-05
臭蟹	907	2	7.72859E-05
白卡佬	902	3	7.68598E-05
痴孖筋	900	3	7.66894E-05
理西	894	2	7.61781E-05
蝗痴	887	2	7.55817E-05
港喱	886	2	7.54964E-05
黑柴	879	2	7.49E-05
支亂會	879	3	7.49E-05
餓底	879	2	7.49E-05
蝗民	877	2	7.47296E-05
美賊	873	2	7.43887E-05
煌蟲	872	2	7.43035E-05
鄧狗	870	2	7.41331E-05
黃粉	869	2	7.40479E-05
梁狗	869	2	7.40479E-05
倭人	868	2	7.39627E-05
倭日	867	2	7.38774E-05
妖你	856	2	7.29401E-05
使能	854	2	7.27697E-05
肥侵	854	2	7.27697E-05
蠢西	852	2	7.25993E-05
律政屍	850	3	7.24289E-05
七到	849	2	7.23437E-05
吊九	846	2	7.2088E-05
女狗	846	2	7.2088E-05
文宣狗	841	3	7.1662E-05
老懵懂	835	3	7.11507E-05
呆娃	835	2	7.11507E-05
盧狗	832	2	7.08951E-05
腦癌莊	831	3	7.08099E-05
豬瘋	830	2	7.07247E-05
韓狗	822	2	7.0043E-05
執葉何	822	3	7.0043E-05
吊啦	820	2	6.98726E-05
死黃絲	810	3	6.90205E-05
顛佬	805	2	6.85944E-05
濕狗	804	2	6.85092E-05
戴狗	803	2	6.8424E-05
謝狗	801	2	6.82536E-05
鼎鼎	800	2	6.81683E-05
小七	798	2	6.79979E-05
終國人	797	3	6.79127E-05
綠狗	796	2	6.78275E-05
毒娥	794	2	6.76571E-05
廢狗	792	2	6.74867E-05
美奸	783	2	6.67198E-05
蛔	780	1	6.64641E-05
習狗	777	2	6.62085E-05
雞蟲基	771	3	6.56972E-05
忍樣	769	2	6.55268E-05
兒燈	764	2	6.51008E-05
抵吊	763	2	6.50156E-05
玩九	763	2	6.50156E-05
驚察	762	2	6.49304E-05
李桌淫	757	3	6.45043E-05
五無	756	2	6.44191E-05
毒霉	755	2	6.43339E-05
護狗	753	2	6.41635E-05
西婆	752	2	6.40782E-05
毒青	751	2	6.3993E-05
小九	749	2	6.38226E-05
籃屍	749	2	6.38226E-05
燃死	748	2	6.37374E-05
右膠	745	2	6.34818E-05
七婆	742	2	6.32261E-05
毒記	740	2	6.30557E-05
痴膠線	739	3	6.29705E-05
習敗敗	739	3	6.29705E-05
反中畜	735	3	6.26297E-05
七六	731	2	6.22888E-05
日苯	725	2	6.17776E-05
傻浸	722	2	6.15219E-05
尾國狗	721	3	6.14367E-05
戅	720	1	6.13515E-05
含忍	719	2	6.12663E-05
岸久	718	2	6.11811E-05
共畜	713	2	6.0755E-05
吊七	704	2	5.99881E-05
七左	704	2	5.99881E-05
支蝗	701	2	5.97325E-05
差狗	698	2	5.94769E-05
匪黨	697	2	5.93917E-05
DNLM	694	4	5.9136E-05
白豬	687	2	5.85396E-05
菲狗	685	2	5.83691E-05
肥蓬	681	2	5.80283E-05
監狗會	680	3	5.79431E-05
基全	678	2	5.77727E-05
王屍	674	2	5.74318E-05
趁地淋	668	3	5.69206E-05
江狗	668	2	5.69206E-05
震鷹	666	2	5.67501E-05
窮能	663	2	5.64945E-05
膠貼	661	2	5.63241E-05
爛化	660	2	5.62389E-05
抵九	658	2	5.60685E-05
周溶	655	2	5.58128E-05
李大導	651	3	5.5472E-05
妓脅	645	2	5.49607E-05
獨畜	645	2	5.49607E-05
好七	641	2	5.46199E-05
腦屍	639	2	5.44495E-05
毒教	638	2	5.43643E-05
臭狗	637	2	5.4279E-05
政狗	632	2	5.3853E-05
卵功	624	2	5.31713E-05
岸居	619	2	5.27453E-05
呆民	616	2	5.24896E-05
美鬼	616	2	5.24896E-05
腫統	614	2	5.23192E-05
月蛾	610	2	5.19784E-05
理九	604	2	5.14671E-05
玻狗	600	2	5.11263E-05
日豬	588	2	5.01037E-05
能九	584	2	4.97629E-05
滋瘋	584	2	4.97629E-05
陰敬	582	2	4.95925E-05
王屎	582	2	4.95925E-05
吊呀	576	2	4.90812E-05
搞九	574	2	4.89108E-05
乏民	571	2	4.86552E-05
喪普	571	2	4.86552E-05
七九	568	2	4.83995E-05
西畜	566	2	4.82291E-05
淫警	565	2	4.81439E-05
爆徒	563	2	4.79735E-05
工棍	561	2	4.78031E-05
國屍	561	2	4.78031E-05
小雞雞	559	3	4.76326E-05
輸九	558	2	4.75474E-05
速狗	555	2	4.72918E-05
律棍	550	2	4.68657E-05
燃樣	544	2	4.63545E-05
魚旦麗	544	3	4.63545E-05
廢黃	542	2	4.61841E-05
廢毛	539	2	4.59284E-05
學渣	539	2	4.59284E-05
卜佳	537	2	4.5758E-05
狼鷹	537	2	4.5758E-05
三恥	536	2	4.56728E-05
屁眼	534	2	4.55024E-05
吊左	534	2	4.55024E-05
俄狗	532	2	4.5332E-05
護主犬	531	3	4.52467E-05
美犬	530	2	4.51615E-05
傻特	530	2	4.51615E-05
死七	527	2	4.49059E-05
日奴	526	2	4.48207E-05
識西	524	2	4.46503E-05
畜教	524	2	4.46503E-05
袁狗	520	2	4.43094E-05
痴q線	519	3	4.42242E-05
加麻大	518	3	4.4139E-05
張融	518	2	4.4139E-05
杜狗	517	2	4.40538E-05
總桶	515	2	4.38834E-05
蟲炎	511	2	4.35425E-05
痴狗	509	2	4.33721E-05
有叉用	509	3	4.33721E-05
黑青	506	2	4.31165E-05
議黑	505	2	4.30313E-05
洗能	504	2	4.29461E-05
護畜	504	2	4.29461E-05
陶狗	504	2	4.29461E-05
狂吊	502	2	4.27756E-05
嗅西	501	2	4.26904E-05
畜黃	501	2	4.26904E-05
痴蜂	500	2	4.26052E-05
江蛇	500	2	4.26052E-05
使西	499	2	4.252E-05
澳豬	493	2	4.20087E-05
淫哥	493	2	4.20087E-05
泛氓	490	2	4.17531E-05
廢渣	489	2	4.16679E-05
異猿	489	2	4.16679E-05
爆民	488	2	4.15827E-05
蛙國人	488	3	4.15827E-05
死煙	486	2	4.14123E-05
白能痴	486	3	4.14123E-05
畜狗	486	2	4.14123E-05
有西用	485	3	4.13271E-05
醫棍	480	2	4.0901E-05
尾角人	479	3	4.08158E-05
胃輕	477	2	4.06454E-05
呆灣狗	477	3	4.06454E-05
多九餘	473	3	4.03045E-05
蝗國人	465	3	3.96229E-05
鄭大奸	464	3	3.95376E-05
食環狗	463	3	3.94524E-05
法輸	463	2	3.94524E-05
告九	462	2	3.93672E-05
狗嫂	459	2	3.91116E-05
屍長	457	2	3.89412E-05
無銀用	456	3	3.8856E-05
老處銘	454	3	3.86855E-05
文賊	451	2	3.84299E-05
手然	450	2	3.83447E-05
藍毛	450	2	3.83447E-05
狗宮	449	2	3.82595E-05
尾畜	448	2	3.81743E-05
民震	447	2	3.80891E-05
亞蛇	447	2	3.80891E-05
鴆	445	1	3.79186E-05
田不進	444	3	3.78334E-05
蔡腫	444	2	3.78334E-05
肺青	439	2	3.74074E-05
暴畜	439	2	3.74074E-05
垃會	439	2	3.74074E-05
黐孖筋	438	3	3.73222E-05
曾肉成	433	3	3.68961E-05
金三胖	432	3	3.68109E-05
狗協	428	2	3.64701E-05
日賊	426	2	3.62996E-05
向左走向右走	424	6	3.61292E-05
粉樣	424	2	3.61292E-05
教蓄	424	2	3.61292E-05
民鼠黨	419	3	3.57032E-05
刁總	419	2	3.57032E-05
煩民	419	2	3.57032E-05
淋鄭	418	2	3.5618E-05
學攣	416	2	3.54475E-05
港屍	416	2	3.54475E-05
蝗族	413	2	3.51919E-05
皇蟲	413	2	3.51919E-05
李狗	412	2	3.51067E-05
傻黃	411	2	3.50215E-05
傻膠	410	2	3.49363E-05
立圾會	409	3	3.48511E-05
警慌	407	2	3.46806E-05
泛黑	404	2	3.4425E-05
假妓	404	2	3.4425E-05
商黑	404	2	3.4425E-05
黑師	402	2	3.42546E-05
怕西	400	2	3.40842E-05
黑律	400	2	3.40842E-05
犬隊	399	2	3.3999E-05
魯母	398	2	3.39138E-05
挑那星	396	3	3.37433E-05
凸狗	396	2	3.37433E-05
吊狗	395	2	3.36581E-05
狗侵	394	2	3.35729E-05
橪	393	1	3.34877E-05
多九魚	391	3	3.33173E-05
張超紅	390	3	3.32321E-05
老懂	390	2	3.32321E-05
膠燈	389	2	3.31469E-05
廢腦	387	2	3.29764E-05
痴英	382	2	3.25504E-05
郭狗	380	2	3.238E-05
岸膠	379	2	3.22948E-05
蝗子	379	2	3.22948E-05
牙蛇	378	2	3.22095E-05
台豬	375	2	3.19539E-05
盧蛇	375	2	3.19539E-05
特狼	369	2	3.14427E-05
妓記	365	2	3.11018E-05
杏十橙	364	3	3.10166E-05
乜銀	364	2	3.10166E-05
洋犬	364	2	3.10166E-05
大磚生	362	3	3.08462E-05
訓街卿	362	3	3.08462E-05
鄭狗	362	2	3.08462E-05
蝗人	361	2	3.0761E-05
毛匪	358	2	3.05053E-05
豬警	358	2	3.05053E-05
魯帽	357	2	3.04201E-05
西窿	357	2	3.04201E-05
hi你	356	3	3.03349E-05
淫西	354	2	3.01645E-05
梁仲痕	353	3	3.00793E-05
癲晒	352	2	2.99941E-05
蓄龍	351	2	2.99089E-05
雞禎	349	2	2.97384E-05
食糞	348	2	2.96532E-05
蝗狗	347	2	2.9568E-05
賴西	346	2	2.94828E-05
蔣匪	346	2	2.94828E-05
痴筋	345	2	2.93976E-05
乜燃	344	2	2.93124E-05
狗醫	344	2	2.93124E-05
比加超	343	3	2.92272E-05
毒煤	343	2	2.92272E-05
狼生	343	2	2.92272E-05
薑蓉	343	2	2.92272E-05
胡狗	342	2	2.9142E-05
傷學	340	2	2.89715E-05
老毋	339	2	2.88863E-05
赤匪	339	2	2.88863E-05
肥特	338	2	2.88011E-05
張廿蚊	337	3	2.87159E-05
沸青	336	2	2.86307E-05
胃卿	336	2	2.86307E-05
敖狗	335	2	2.85455E-05
低智森	335	3	2.85455E-05
醫狗	334	2	2.84603E-05
咸家	333	2	2.83751E-05
毒蛾	333	2	2.83751E-05
京西	332	2	2.82899E-05
敗燈	331	2	2.82047E-05
汪狗	329	2	2.80342E-05
低九能	325	3	2.76934E-05
寶周	325	2	2.76934E-05
死癲狗	323	3	2.7523E-05
晒九氣	323	3	2.7523E-05
仚	322	1	2.74378E-05
台奸	322	2	2.74378E-05
蝗后	321	2	2.73525E-05
廢能	319	2	2.71821E-05
乞醫	319	2	2.71821E-05
腫筒	319	2	2.71821E-05
臭爛	317	2	2.70117E-05
奸狼	317	2	2.70117E-05
支共人	316	3	2.69265E-05
黑爆	315	2	2.68413E-05
鬼國人	312	3	2.65857E-05
盲西	311	2	2.65004E-05
痴曬線	311	3	2.65004E-05
On79	311	4	2.65004E-05
暴青	311	2	2.65004E-05
醫牲	311	2	2.65004E-05
蔣元秋	311	3	2.65004E-05
尾割	309	2	2.633E-05
李處冥	308	3	2.62448E-05
白偉俊	307	3	2.61596E-05
攻黨	306	2	2.60744E-05
飲樣	305	2	2.59892E-05
炒九	305	2	2.59892E-05
博吊	304	2	2.5904E-05
雜帝	303	2	2.58188E-05
黑友	302	2	2.57336E-05
文痞	302	2	2.57336E-05
日犬	301	2	2.56483E-05
濕膠	300	2	2.55631E-05
政渣	300	2	2.55631E-05
愛登力	299	3	2.54779E-05
栗屍	299	2	2.54779E-05
肥佩奧	298	3	2.53927E-05
湯十一	298	3	2.53927E-05
燃到	297	2	2.53075E-05
日畜	297	2	2.53075E-05
渣畜	295	2	2.51371E-05
肺清	295	2	2.51371E-05
共犬	295	2	2.51371E-05
圍九	294	2	2.50519E-05
食能屎	294	3	2.50519E-05
社棍	293	2	2.49667E-05
魯無	292	2	2.48814E-05
男狗	290	2	2.4711E-05
猿國勇	290	3	2.4711E-05
豬風	289	2	2.46258E-05
乜漆	288	2	2.45406E-05
女拳	288	2	2.45406E-05
英賊	288	2	2.45406E-05
仆銜	287	2	2.44554E-05
記脅	282	2	2.40293E-05
貪憎	282	2	2.40293E-05
爛面幗	281	3	2.39441E-05
王痴	281	2	2.39441E-05
痴媽根	280	3	2.38589E-05
狂小	280	2	2.38589E-05
老糜	280	2	2.38589E-05
偽記	279	2	2.37737E-05
白九痴	278	3	2.36885E-05
日奸	278	2	2.36885E-05
李柱冥	278	3	2.36885E-05
雞侵	278	2	2.36885E-05
大灣暉	278	3	2.36885E-05
卵樣	277	2	2.36033E-05
楊狗	277	2	2.36033E-05
駛能	276	2	2.35181E-05
痴西	275	2	2.34329E-05
屍潮	275	2	2.34329E-05
淫陣	274	2	2.33477E-05
廢侵	274	2	2.33477E-05
燉炳強	273	3	2.32624E-05
老姆	271	2	2.3092E-05
支匪	271	2	2.3092E-05
顛婆	267	2	2.27512E-05
瘋警	267	2	2.27512E-05
圍吊	266	2	2.2666E-05
扑野精	266	3	2.2666E-05
鐵黑	266	2	2.2666E-05
坡豬	265	2	2.25808E-05
七七七	265	3	2.25808E-05
雞蟲傑	264	3	2.24956E-05
凸朗普	264	3	2.24956E-05
黨鐵狗	263	3	2.24103E-05
逃狗生	262	3	2.23251E-05
劣正	262	2	2.23251E-05
含加	261	2	2.22399E-05
淫主黨	260	3	2.21547E-05
局腸	260	2	2.21547E-05
膠青	259	2	2.20695E-05
黑仔強	259	3	2.20695E-05
蝗婦	258	2	2.19843E-05
雞娼	258	2	2.19843E-05
蝗種	257	2	2.18991E-05
邪功	257	2	2.18991E-05
乞暴	256	2	2.18139E-05
英鬼	253	2	2.15582E-05
蟻員	252	2	2.1473E-05
蝗母	250	2	2.13026E-05
警雞	249	2	2.12174E-05
大波嬅	249	3	2.12174E-05
仆乖	248	2	2.11322E-05
肛聞黨	248	3	2.11322E-05
左奴	248	2	2.11322E-05
社淫	247	2	2.1047E-05
屈九	246	2	2.09618E-05
李蛇	246	2	2.09618E-05
李慧琼子	246	4	2.09618E-05
豬家	245	2	2.08766E-05
賓週	244	2	2.07913E-05
驚隊	244	2	2.07913E-05
好能憎	243	3	2.07061E-05
陰徑	241	2	2.05357E-05
大嬰	241	2	2.05357E-05
女偽人	240	3	2.04505E-05
拉七	238	2	2.02801E-05
白知	237	2	2.01949E-05
燃野	237	2	2.01949E-05
洗西	237	2	2.01949E-05
幸家	236	2	2.01097E-05
有九用	236	3	2.01097E-05
懲教狗	236	3	2.01097E-05
護主狗	235	3	2.00245E-05
蠢能	235	2	2.00245E-05
北京狗	235	3	2.00245E-05
毒民	234	2	1.99392E-05
屍煙	233	2	1.9854E-05
告七	232	2	1.97688E-05
捉九	232	2	1.97688E-05
托七	231	2	1.96836E-05
抵銀死	231	3	1.96836E-05
蜘蜂	231	2	1.96836E-05
偽員	231	2	1.96836E-05
瀨西	229	2	1.95132E-05
seven head	227	10	1.93428E-05
菜堅	227	2	1.93428E-05
廁英	227	2	1.93428E-05
闣	226	1	1.92576E-05
杘	226	1	1.92576E-05
衰西	226	2	1.92576E-05
懵能	225	2	1.91723E-05
迫暈	225	2	1.91723E-05
廢陶	225	2	1.91723E-05
驚春	223	2	1.90019E-05
廢精	222	2	1.89167E-05
陰國人	222	3	1.89167E-05
醫黃	221	2	1.88315E-05
港毒豬	221	3	1.88315E-05
段九	220	2	1.87463E-05
煩過西	217	3	1.84907E-05
刁種	217	2	1.84907E-05
南亞蝗	217	3	1.84907E-05
彭屍	215	2	1.83202E-05
毒果泥	215	3	1.83202E-05
有卵用	214	3	1.8235E-05
輸基	214	2	1.8235E-05
淫度	214	2	1.8235E-05
呆島	212	2	1.80646E-05
飯蕉	212	2	1.80646E-05
夠西膽	211	3	1.79794E-05
暴記	211	2	1.79794E-05
習妖維尼	211	4	1.79794E-05
英蝗	210	2	1.78942E-05
肥浸	210	2	1.78942E-05
叼你老母	209	4	1.7809E-05
關你義事	207	4	1.76386E-05
執九	207	2	1.76386E-05
執能	207	2	1.76386E-05
呃西	206	2	1.75533E-05
台畜	206	2	1.75533E-05
吊灣	206	2	1.75533E-05
輔狗	206	2	1.75533E-05
廢民	205	2	1.74681E-05
物春	204	2	1.73829E-05
畜民	204	2	1.73829E-05
耶棍	203	2	1.72977E-05
律屎	203	2	1.72977E-05
低智黃	203	3	1.72977E-05
匪島	203	2	1.72977E-05
社民狗	202	3	1.72125E-05
戀童登	202	3	1.72125E-05
粟屍	202	2	1.72125E-05
鼓油黨	201	3	1.71273E-05
毛奴	201	2	1.71273E-05
核凸普	200	3	1.70421E-05
美廢	200	2	1.70421E-05
特醜	200	2	1.70421E-05
老柱銘	199	3	1.69569E-05
猩加坡	199	3	1.69569E-05
畏精	199	2	1.69569E-05
乃共西	197	3	1.67865E-05
猿生	197	2	1.67865E-05
垃能圾	196	3	1.67012E-05
支仔	196	2	1.67012E-05
泡狗	195	2	1.6616E-05
日豚	195	2	1.6616E-05
朱狗	195	2	1.6616E-05
喪侵	195	2	1.6616E-05
文棍	195	2	1.6616E-05
負家	194	2	1.65308E-05
陷港	192	2	1.63604E-05
爛袋	192	2	1.63604E-05
食史	191	2	1.62752E-05
法淪	191	2	1.62752E-05
豬木屍	190	3	1.619E-05
死絕種	189	3	1.61048E-05
支鬼	189	2	1.61048E-05
蝗絲	188	2	1.60196E-05
狗婆	188	2	1.60196E-05
淫子傑	188	3	1.60196E-05
懂生	187	2	1.59344E-05
驚謊	187	2	1.59344E-05
老西殼	186	3	1.58491E-05
七狗	186	2	1.58491E-05
張狗雄	186	3	1.58491E-05
凹家	184	2	1.56787E-05
蝗仔	184	2	1.56787E-05
速龍狗	184	3	1.56787E-05
含賓	184	2	1.56787E-05
教屎	183	2	1.55935E-05
漆普	181	2	1.54231E-05
英畜	180	2	1.53379E-05
黑社連	180	3	1.53379E-05
蔡狗	180	2	1.53379E-05
愚若	179	2	1.52527E-05
牆國人	178	3	1.51675E-05
日不出	178	3	1.51675E-05
獨青	177	2	1.50822E-05
西賊	177	2	1.50822E-05
雞者	177	2	1.50822E-05
屠輝	177	2	1.50822E-05
鄭乳石	177	3	1.50822E-05
痴燃	176	2	1.4997E-05
西犬	176	2	1.4997E-05
黑渣	176	2	1.4997E-05
警蓄	176	2	1.4997E-05
林三白	175	3	1.49118E-05
田不俊	175	3	1.49118E-05
逃傑	175	2	1.49118E-05
警妓	173	2	1.47414E-05
毛畜界	173	3	1.47414E-05
煩西	172	2	1.46562E-05
狗觀	171	2	1.4571E-05
蝗女	171	2	1.4571E-05
執七	170	2	1.44858E-05
匪國人	170	3	1.44858E-05
黑煤	170	2	1.44858E-05
丟那星	169	3	1.44006E-05
仆家	169	2	1.44006E-05
范民	169	2	1.44006E-05
毛蓄	169	2	1.44006E-05
支豬	168	2	1.43154E-05
黑耳完	168	3	1.43154E-05
無卵用	167	3	1.42301E-05
支蟲	167	2	1.42301E-05
獨賊	167	2	1.42301E-05
傻警	166	2	1.41449E-05
肛蛇	166	2	1.41449E-05
懵炳強	166	3	1.41449E-05
多九如	165	3	1.40597E-05
理七	165	2	1.40597E-05
倭狗	165	2	1.40597E-05
逃狗身	165	3	1.40597E-05
警屍	165	2	1.40597E-05
發卵公	165	3	1.40597E-05
什種	164	2	1.39745E-05
幸加	164	2	1.39745E-05
無九用	164	3	1.39745E-05
畜膿	164	2	1.39745E-05
狠樣	163	2	1.38893E-05
七少陣	163	3	1.38893E-05
死燃	163	2	1.38893E-05
丟那媽	162	3	1.38041E-05
林酋	162	2	1.38041E-05
李雀淫	161	3	1.37189E-05
弱眉	161	2	1.37189E-05
共鏟黨	161	3	1.37189E-05
白痂	160	2	1.36337E-05
李厄人	160	3	1.36337E-05
搏吊	159	2	1.35485E-05
聞主黨	159	3	1.35485E-05
王偽	159	2	1.35485E-05
肛狗	159	2	1.35485E-05
教淫	159	2	1.35485E-05
孽蓄	158	2	1.34632E-05
呆胞	158	2	1.34632E-05
弱華	158	2	1.34632E-05
傻痴	157	2	1.3378E-05
貪僧	157	2	1.3378E-05
抵卵死	156	3	1.32928E-05
英豬	156	2	1.32928E-05
匪灣	156	2	1.32928E-05
李豬銘	155	3	1.32076E-05
偽妓	155	2	1.32076E-05
販氓	154	2	1.31224E-05
盲陣	154	2	1.31224E-05
狼營	154	2	1.31224E-05
雜狗	153	2	1.30372E-05
禍港力	153	3	1.30372E-05
梁愛屍	153	3	1.30372E-05
涼仲痕	152	3	1.2952E-05
化濃功	152	3	1.2952E-05
英奸	150	2	1.27816E-05
肉文	150	2	1.27816E-05
牧屍	149	2	1.26964E-05
奶共鬼	149	3	1.26964E-05
肺老	148	2	1.26111E-05
支種	148	2	1.26111E-05
閤家	147	2	1.25259E-05
夠能膽	147	3	1.25259E-05
鯨子	147	2	1.25259E-05
大口侵	147	3	1.25259E-05
攔坦	146	2	1.24407E-05
莫奶光	146	3	1.24407E-05
美匪	146	2	1.24407E-05
鱷橋	146	2	1.24407E-05
校棍	145	2	1.23555E-05
娘瓜	145	2	1.23555E-05
肉民	145	2	1.23555E-05
巨根	144	2	1.22703E-05
社狗	144	2	1.22703E-05
肥鵬	144	2	1.22703E-05
化卵	144	2	1.22703E-05
速蟲	141	2	1.20147E-05
肥婆麥	141	3	1.20147E-05
惡喬	141	2	1.20147E-05
蠢統	141	2	1.20147E-05
銷藥員	141	3	1.20147E-05
倭相	139	2	1.18443E-05
臭口玲	139	3	1.18443E-05
特丑	139	2	1.18443E-05
吊能	138	2	1.1759E-05
文煮黨	138	3	1.1759E-05
支国人	138	3	1.1759E-05
社畜連	138	3	1.1759E-05
特離普	138	3	1.1759E-05
畜醫	138	2	1.1759E-05
蝗童	138	2	1.1759E-05
杜賊	138	2	1.1759E-05
李慧鯨	137	3	1.16738E-05
黑鴿	137	2	1.16738E-05
肥仔奧	136	3	1.15886E-05
傻登	135	2	1.15034E-05
瘋孽	135	2	1.15034E-05
淫君	135	2	1.15034E-05
劣政司	135	3	1.15034E-05
媒狗	134	2	1.14182E-05
乞衣護	134	3	1.14182E-05
含七	133	2	1.1333E-05
鄭匪	133	2	1.1333E-05
律正屍	132	3	1.12478E-05
屠傑	132	2	1.12478E-05
屍屠華	132	3	1.12478E-05
克記	132	2	1.12478E-05
社連畜	131	3	1.11626E-05
販粉	130	2	1.10774E-05
能仲痕	130	3	1.10774E-05
奔周	129	2	1.09921E-05
含銀	129	2	1.09921E-05
教渣	129	2	1.09921E-05
呆灣妹	129	3	1.09921E-05
胃興	129	2	1.09921E-05
hi auntie	128	9	1.09069E-05
黐綫	128	2	1.09069E-05
懵西	128	2	1.09069E-05
話九知	128	3	1.09069E-05
右癌	128	2	1.09069E-05
菜桶	127	2	1.08217E-05
警黑政	127	3	1.08217E-05
狗司	127	2	1.08217E-05
仆制	126	2	1.07365E-05
西洞	126	2	1.07365E-05
好能悶	126	3	1.07365E-05
有義用	126	3	1.07365E-05
吊理	125	2	1.06513E-05
關你九事	125	4	1.06513E-05
雞貞	125	2	1.06513E-05
昂膠	124	2	1.05661E-05
膠佬	124	2	1.05661E-05
雞協	124	2	1.05661E-05
張超熊	124	3	1.05661E-05
雙鶴	124	2	1.05661E-05
窮燃	123	2	1.04809E-05
譚惠豬	123	3	1.04809E-05
有七用	122	3	1.03957E-05
痔英	122	2	1.03957E-05
張容	122	2	1.03957E-05
蝗樣	121	2	1.03105E-05
綠蠅	121	2	1.03105E-05
特九	121	2	1.03105E-05
勼	120	1	1.02253E-05
陰勁	120	2	1.02253E-05
吊梨	120	2	1.02253E-05
乜七野	120	3	1.02253E-05
獨西	120	2	1.02253E-05
美國賊	120	3	1.02253E-05
老武	118	2	1.00548E-05
識春咩	118	3	1.00548E-05
記畜	118	2	1.00548E-05
學氓	118	2	1.00548E-05
老妹	116	2	9.88441E-06
濺種	116	2	9.88441E-06
普驚	115	2	9.7992E-06
王蟲	115	2	9.7992E-06
陳暈	115	2	9.7992E-06
隱樣	114	2	9.71399E-06
畜護	114	2	9.71399E-06
肢亂會	114	3	9.71399E-06
途緊生	114	3	9.71399E-06
豬營	114	2	9.71399E-06
有銀用	113	3	9.62878E-06
福乖	113	2	9.62878E-06
幼蝗	113	2	9.62878E-06
何俊淫	113	3	9.62878E-06
劣政屍	113	3	9.62878E-06
泥智英	113	3	9.62878E-06
日匪	112	2	9.54357E-06
淫蟲基	112	3	9.54357E-06
病蛾	111	2	9.45836E-06
支西	110	2	9.37315E-06
黨奸	110	2	9.37315E-06
臭能	109	2	9.28794E-06
關你西事	109	4	9.28794E-06
鄺俊乳	109	3	9.28794E-06
蝗卵	109	2	9.28794E-06
奚窿	108	2	9.20273E-06
覀	108	1	9.20273E-06
吃大便	108	3	9.20273E-06
大愛膠	106	3	9.03231E-06
蓄狗	106	2	9.03231E-06
暴大牲	105	3	8.9471E-06
劉蛇	105	2	8.9471E-06
豬海滴	105	3	8.9471E-06
打能到	104	3	8.86189E-06
豬凱	104	2	8.86189E-06
惶痴	104	2	8.86189E-06
牛屎麗	104	3	8.86189E-06
蝗畜	104	2	8.86189E-06
乞警	104	2	8.86189E-06
愚弱微	104	3	8.86189E-06
炒燃	103	2	8.77667E-06
盲反友	103	3	8.77667E-06
蟲國人	103	3	8.77667E-06
低九死	102	3	8.69146E-06
販狗	101	2	8.60625E-06
逃狗申	101	3	8.60625E-06
支麻人	100	3	8.52104E-06
譚得菜	99	3	8.43583E-06
吊拿星	98	3	8.35062E-06
窮狗	98	2	8.35062E-06
林胃屍	98	3	8.35062E-06
鶴聯	98	2	8.35062E-06
泥厠嬰	98	3	8.35062E-06
雞卿	97	2	8.26541E-06
燈神燒	97	3	8.26541E-06
共貪黨	97	3	8.26541E-06
思煙	97	2	8.26541E-06
燒九	96	2	8.1802E-06
膠藍絲	96	3	8.1802E-06
張溶	96	2	8.1802E-06
弱痴	95	2	8.09499E-06
奶共官	95	3	8.09499E-06
習腫	95	2	8.09499E-06
終国人	95	3	8.09499E-06
屈妓	95	2	8.09499E-06
chi lun sin	94	11	8.00978E-06
媽西	94	2	8.00978E-06
何韻屍	94	3	8.00978E-06
傻根	94	2	8.00978E-06
倭畜	93	2	7.92457E-06
岑屎傑	93	3	7.92457E-06
李漢姦	93	3	7.92457E-06
倭賊	92	2	7.83936E-06
磚業人士	92	4	7.83936E-06
腦帽	91	2	7.75415E-06
含燃	91	2	7.75415E-06
膠協	91	2	7.75415E-06
死港奸	91	3	7.75415E-06
豬海敵	91	3	7.75415E-06
社福棍	91	3	7.75415E-06
凸頭	91	2	7.75415E-06
張乳淫	91	3	7.75415E-06
妖畜	90	2	7.66894E-06
魯武	90	2	7.66894E-06
關你七事	90	4	7.66894E-06
奶共西	90	3	7.66894E-06
瀉工	90	2	7.66894E-06
小三卿	90	3	7.66894E-06
無七用	89	3	7.58373E-06
雜畜	89	2	7.58373E-06
意猿	89	2	7.58373E-06
鳭	88	1	7.49852E-06
定母	88	2	7.49852E-06
打染	88	2	7.49852E-06
老柱冥	88	3	7.49852E-06
扑野禎	87	3	7.41331E-06
垃圾無腦	86	4	7.3281E-06
郁狗	86	2	7.3281E-06
偉孽	86	2	7.3281E-06
克醫	86	2	7.3281E-06
肥系	85	2	7.24289E-06
狂痴	85	2	7.24289E-06
土共蝗	85	3	7.24289E-06
蟈蟈	85	2	7.24289E-06
低智狗	84	3	7.15768E-06
含曬	84	2	7.15768E-06
香討狗	84	3	7.15768E-06
豬鋒	84	2	7.15768E-06
大口珠	84	3	7.15768E-06
茂利波	84	3	7.15768E-06
韓奸	83	2	7.07247E-06
豬基	83	2	7.07247E-06
花輪功	83	3	7.07247E-06
駛西	82	2	6.98726E-06
黑社民	82	3	6.98726E-06
何壞仁	82	3	6.98726E-06
狗嘿	81	2	6.90205E-06
算狗數	81	3	6.90205E-06
串普	81	2	6.90205E-06
逼暈	81	2	6.90205E-06
能羊	80	2	6.81683E-06
尾犬	80	2	6.81683E-06
苯實	79	2	6.73162E-06
魯舞	79	2	6.73162E-06
癲能	79	2	6.73162E-06
執銀	79	2	6.73162E-06
終角人	79	3	6.73162E-06
網霉	79	2	6.73162E-06
栗正	79	2	6.73162E-06
七小陣	78	3	6.64641E-06
抵狗死	78	3	6.64641E-06
立圾局	78	3	6.64641E-06
膠凳仔	77	3	6.5612E-06
小那媽	76	3	6.47599E-06
膠黃絲	76	3	6.47599E-06
妓怯	76	2	6.47599E-06
林卓狗	76	3	6.47599E-06
攻聞黨	76	3	6.47599E-06
周蟲	76	2	6.47599E-06
癲線	75	2	6.39078E-06
阻九住	75	3	6.39078E-06
雞莊	75	2	6.39078E-06
癲狗黎	74	3	6.30557E-06
乜染	74	2	6.30557E-06
插九	74	2	6.30557E-06
呆灣豬	74	3	6.30557E-06
李豬明	74	3	6.30557E-06
余老薇	74	3	6.30557E-06
蝗婆	74	2	6.30557E-06
挑李	73	2	6.22036E-06
朱風	73	2	6.22036E-06
孽劉	73	2	6.22036E-06
梁凸手	73	3	6.22036E-06
魯毛	72	2	6.13515E-06
吊里	72	2	6.13515E-06
公氓	72	2	6.13515E-06
扑野貞	72	3	6.13515E-06
垃九圾	71	3	6.04994E-06
炒能左	71	3	6.04994E-06
淫卓廷	71	3	6.04994E-06
攻文黨	71	3	6.04994E-06
吊得少	70	3	5.96473E-06
七能	70	2	5.96473E-06
歐狗	70	2	5.96473E-06
淋井	70	2	5.96473E-06
發爛功	70	3	5.96473E-06
糖營	69	2	5.87952E-06
9 fing fing	68	11	5.79431E-06
無西用	68	3	5.79431E-06
含卵	68	2	5.79431E-06
大６９	68	3	5.79431E-06
郁聞	68	2	5.79431E-06
特嘔	68	2	5.79431E-06
淫基	68	2	5.79431E-06
劉已完	67	3	5.7091E-06
犯國規	67	3	5.7091E-06
彭屎	67	2	5.7091E-06
杜汶賊	67	3	5.7091E-06
鶴者	67	2	5.7091E-06
法卵公	66	3	5.62389E-06
老末	65	2	5.53868E-06
晒狗氣	65	3	5.53868E-06
俄奴	65	2	5.53868E-06
七犬	65	2	5.53868E-06
香討西	65	3	5.53868E-06
蝗父	65	2	5.53868E-06
我蟈	65	2	5.53868E-06
黎智狗	65	3	5.53868E-06
痴嬰	65	2	5.53868E-06
瀉民連	65	3	5.53868E-06
藍渣	64	2	5.45347E-06
屈雞	64	2	5.45347E-06
老處明	64	3	5.45347E-06
發膿功	64	3	5.45347E-06
記渣	63	2	5.36826E-06
越鵝	63	2	5.36826E-06
猿角勇	63	3	5.36826E-06
愚弱尾	63	3	5.36826E-06
寒角	63	2	5.36826E-06
黃絲蟻	63	3	5.36826E-06
肉九酸	62	3	5.28305E-06
淫娃傑	62	3	5.28305E-06
支蓄	62	2	5.28305E-06
梁仲含	62	3	5.28305E-06
憎肉成	62	3	5.28305E-06
基婆詩	62	3	5.28305E-06
大囗玲	61	3	5.19784E-06
淫刊	61	2	5.19784E-06
歹灣人	61	3	5.19784E-06
關你燃事	60	4	5.11263E-06
無狗用	60	3	5.11263E-06
襯地林	60	3	5.11263E-06
狗囡	60	2	5.11263E-06
爆菊全	60	3	5.11263E-06
記怯	60	2	5.11263E-06
祖蟈	60	2	5.11263E-06
熟妝	60	2	5.11263E-06
寒國人	60	3	5.11263E-06
堪家	59	2	5.02742E-06
抄九	59	2	5.02742E-06
李胃玲	59	3	5.02742E-06
聞鼠黨	59	3	5.02742E-06
目家	58	2	4.94221E-06
西隆	58	2	4.94221E-06
蝗豬	58	2	4.94221E-06
林慧屍	58	3	4.94221E-06
配落西	58	3	4.94221E-06
sub9	57	4	4.85699E-06
關你銀事	57	4	4.85699E-06
炒能晒	57	3	4.85699E-06
警淫	57	2	4.85699E-06
麻九煩	56	3	4.77178E-06
皇痴	56	2	4.77178E-06
老尸	56	2	4.77178E-06
假共國	56	3	4.77178E-06
戆	55	1	4.68657E-06
死尾角	55	3	4.68657E-06
聶狗	55	2	4.68657E-06
法爛功	55	3	4.68657E-06
插你個胃	54	4	4.60136E-06
麻卵煩	54	3	4.60136E-06
抵忍死	54	3	4.60136E-06
蠢系	54	2	4.60136E-06
踢九	54	2	4.60136E-06
機佬全	54	3	4.60136E-06
痴鷹	54	2	4.60136E-06
痴交線	53	3	4.51615E-06
敢西	53	2	4.51615E-06
良瓜傑	53	3	4.51615E-06
菜妖昌	53	3	4.51615E-06
老昧	52	2	4.43094E-06
閻家	52	2	4.43094E-06
抵西死	52	3	4.43094E-06
陰九公	52	3	4.43094E-06
戴尿瓶	52	3	4.43094E-06
雞琼	52	2	4.43094E-06
學人春潮	52	4	4.43094E-06
中蝈人	52	3	4.43094E-06
死黃能	51	3	4.34573E-06
楊岳狗	51	3	4.34573E-06
基傑	51	2	4.34573E-06
肛永長	51	3	4.34573E-06
林畜	51	2	4.34573E-06
屠狗申	51	3	4.34573E-06
頄	50	1	4.26052E-06
臭嘿	50	2	4.26052E-06
速聾	50	2	4.26052E-06
香黑	50	2	4.26052E-06
大妖鼮	50	3	4.26052E-06
梁頌痕	49	3	4.17531E-06
教妓	49	2	4.17531E-06
疏民	49	2	4.17531E-06
朱茜	49	2	4.17531E-06
爛燈仔	49	3	4.17531E-06
彭狗	49	2	4.17531E-06
校腸	49	2	4.17531E-06
閫	48	1	4.0901E-06
它母	48	2	4.0901E-06
秋系	48	2	4.0901E-06
底九死	48	3	4.0901E-06
何秀爛	48	3	4.0901E-06
蝗孫	48	2	4.0901E-06
笨土豬	48	3	4.0901E-06
4點狗會	48	4	4.0901E-06
鹵母	47	2	4.00489E-06
畜渣	47	2	4.00489E-06
攻氓	47	2	4.00489E-06
醫渣	47	2	4.00489E-06
涼爪傑	47	3	4.00489E-06
狗業	47	2	4.00489E-06
奚口	46	2	3.91968E-06
吊姐	46	2	3.91968E-06
吊記	46	2	3.91968E-06
捉燃	46	2	3.91968E-06
走能左	46	3	3.91968E-06
西玲	46	2	3.91968E-06
習畜	46	2	3.91968E-06
豬妖明	46	3	3.91968E-06
眾畜	46	2	3.91968E-06
皇屍	46	2	3.91968E-06
妓畜	45	2	3.83447E-06
四慢	45	2	3.83447E-06
廢聰	45	2	3.83447E-06
肥志英	45	3	3.83447E-06
無戀用	44	3	3.74926E-06
李大口	44	3	3.74926E-06
香討智將	44	4	3.74926E-06
seafood ghost	43	13	3.66405E-06
你魯味	43	3	3.66405E-06
費九事	43	3	3.66405E-06
你識春	43	3	3.66405E-06
辱華狗	43	3	3.66405E-06
蕭狗	43	2	3.66405E-06
泥志英	43	3	3.66405E-06
黃妖明	43	3	3.66405E-06
廢必	43	2	3.66405E-06
蠢桶	43	2	3.66405E-06
大肉棒	42	3	3.57884E-06
習匪	42	2	3.57884E-06
林匪	42	2	3.57884E-06
糜蟈佬	42	3	3.57884E-06
奶英女	42	3	3.57884E-06
含欖	41	2	3.49363E-06
棚屍	41	2	3.49363E-06
騰雞華	41	3	3.49363E-06
醜西	40	2	3.40842E-06
岳九	40	2	3.40842E-06
阻銀住	40	3	3.40842E-06
死卵	40	2	3.40842E-06
岡交全	40	3	3.40842E-06
哨牙橋	40	3	3.40842E-06
仆野精	40	3	3.40842E-06
田不神	40	3	3.40842E-06
蛙民	40	2	3.40842E-06
逃畜	40	2	3.40842E-06
黎智鷹	40	3	3.40842E-06
肛黨	40	2	3.40842E-06
低智峰	40	3	3.40842E-06
賊居	39	2	3.32321E-06
臭東	39	2	3.32321E-06
執染	39	2	3.32321E-06
耶膠	39	2	3.32321E-06
豬耀名	39	3	3.32321E-06
腦癌婆	39	3	3.32321E-06
欽莖	38	2	3.238E-06
肛永祥	38	3	3.238E-06
男偽人	38	3	3.238E-06
湯雞華	38	3	3.238E-06
花卵公	38	3	3.238E-06
底燃	37	2	3.15279E-06
麥肥婆	37	3	3.15279E-06
速犬	37	2	3.15279E-06
鄭雞蟲	37	3	3.15279E-06
魚弱尾	37	3	3.15279E-06
按膠	36	2	3.06758E-06
拆能左	36	3	3.06758E-06
蝗爺	36	2	3.06758E-06
凸嘔	36	2	3.06758E-06
塗九	36	2	3.06758E-06
腦莊	36	2	3.06758E-06
吊到邊	35	3	2.98237E-06
西款	35	2	2.98237E-06
爛民之父	35	4	2.98237E-06
倭王	35	2	2.98237E-06
反佔狗	35	3	2.98237E-06
蓬佩狗	35	3	2.98237E-06
熟葬	35	2	2.98237E-06
嗅化	34	2	2.89715E-06
有戀用	34	3	2.89715E-06
流尿卿	34	3	2.89715E-06
乞媒	34	2	2.89715E-06
嬰國人	34	3	2.89715E-06
流屎厲	34	3	2.89715E-06
賣蟈賊	34	3	2.89715E-06
監犬會	34	3	2.89715E-06
傻華	34	2	2.89715E-06
余若尾	34	3	2.89715E-06
收九皮	33	3	2.81194E-06
蔣麗暈	33	3	2.81194E-06
赤共港	33	3	2.81194E-06
毒莊	33	2	2.81194E-06
劣獅	33	2	2.81194E-06
毒忍	32	2	2.72673E-06
抵膠死	32	3	2.72673E-06
打能爆	32	3	2.72673E-06
吳文軟	32	3	2.72673E-06
劉慧兄	32	3	2.72673E-06
乙鵝	32	2	2.72673E-06
黎智嬰	32	3	2.72673E-06
鶴民	32	2	2.72673E-06
菜陰文	32	3	2.72673E-06
督賊	32	2	2.72673E-06
奔州	31	2	2.64152E-06
漆下	31	2	2.64152E-06
鄧匪	31	2	2.64152E-06
崇俄西	31	3	2.64152E-06
伎者	31	2	2.64152E-06
盧偉蔥	31	3	2.64152E-06
驚屍	31	2	2.64152E-06
痔全	31	2	2.64152E-06
on lun99	30	8	2.55631E-06
生仔冇seafood	30	10	2.55631E-06
慢能	30	2	2.55631E-06
灣灣蟲	30	3	2.55631E-06
咸蟲星	30	3	2.55631E-06
憎陰獾	30	3	2.55631E-06
逃籠	30	2	2.55631E-06
霉國人	30	3	2.55631E-06
搬小塗	30	3	2.55631E-06
鄰蟈	30	2	2.55631E-06
犯角威	30	3	2.55631E-06
狼振鷹	30	3	2.55631E-06
胡蘇狗	30	3	2.55631E-06
羊落橋	30	3	2.55631E-06
腦母	29	2	2.4711E-06
低智畜	29	3	2.4711E-06
抄能	29	2	2.4711E-06
賊國人	29	3	2.4711E-06
屠蟲	29	2	2.4711E-06
塗狗生	29	3	2.4711E-06
痕賓	29	2	2.4711E-06
梁繼娼	29	3	2.4711E-06
撼家	28	2	2.38589E-06
走母	28	2	2.38589E-06
底卵	28	2	2.38589E-06
吊距	28	2	2.38589E-06
攬樣	28	2	2.38589E-06
昂九到	28	3	2.38589E-06
益能左	28	3	2.38589E-06
含隱	28	2	2.38589E-06
死巴膠	28	3	2.38589E-06
較屍	28	2	2.38589E-06
存霉	28	2	2.38589E-06
大陰女	28	3	2.38589E-06
警黑會	28	3	2.38589E-06
肥貝澳	28	3	2.38589E-06
咸蟲基	28	3	2.38589E-06
廢卵公	28	3	2.38589E-06
鸠	27	1	2.30068E-06
考母	27	2	2.30068E-06
蝗国人	27	3	2.30068E-06
公妓黨	27	3	2.30068E-06
曾蔭狗	27	3	2.30068E-06
肥狗蓬	27	3	2.30068E-06
蠅氓	27	2	2.30068E-06
黎狗英	27	3	2.30068E-06
推能爆	26	3	2.21547E-06
廢九事	26	3	2.21547E-06
支猩	26	2	2.21547E-06
屠狗生	26	3	2.21547E-06
磚渣	26	2	2.21547E-06
菊眼	25	2	2.13026E-06
林狗廷	25	3	2.13026E-06
林糞強	25	3	2.13026E-06
乞護	25	2	2.13026E-06
袁角勇	25	3	2.13026E-06
藍賊	25	2	2.13026E-06
何蓄	25	2	2.13026E-06
李大咀	25	3	2.13026E-06
塗傑	25	2	2.13026E-06
日必落	25	3	2.13026E-06
瘦蘭	25	2	2.13026E-06
蝗起	25	2	2.13026E-06
檸樣	24	2	2.04505E-06
老濛	24	2	2.04505E-06
扑銜	24	2	2.04505E-06
支豚	24	2	2.04505E-06
蠙	24	1	2.04505E-06
英國賊	24	3	2.04505E-06
張狗虹	24	3	2.04505E-06
李卡超	24	3	2.04505E-06
淫榮基	24	3	2.04505E-06
攻棍	24	2	2.04505E-06
譚尿盅	24	3	2.04505E-06
泥毒果	24	3	2.04505E-06
吹九脹	23	3	1.95984E-06
無拿用	23	3	1.95984E-06
含輪	23	2	1.95984E-06
捉能哂	23	3	1.95984E-06
淫日君	23	3	1.95984E-06
塵日君	23	3	1.95984E-06
魔護	23	2	1.95984E-06
愚弱薇	23	3	1.95984E-06
吊到爛	22	3	1.87463E-06
狗蟹	22	2	1.87463E-06
臭門西	22	3	1.87463E-06
五矛	22	2	1.87463E-06
燦豬	22	2	1.87463E-06
藍歹	22	2	1.87463E-06
大劣司	22	3	1.87463E-06
涼仲含	22	3	1.87463E-06
蠅國人	22	3	1.87463E-06
萎橋	22	2	1.87463E-06
蝗師	22	2	1.87463E-06
垃局	22	2	1.87463E-06
肥腦黎	22	3	1.87463E-06
妖功	22	2	1.87463E-06
化濃工	22	3	1.87463E-06
chi lan sin	21	11	1.78942E-06
亂七甘	21	3	1.78942E-06
李魯味	21	3	1.78942E-06
王獅	21	2	1.78942E-06
網畜	21	2	1.78942E-06
歐奸	21	2	1.78942E-06
文宣毒果	21	4	1.78942E-06
錢卓人	21	3	1.78942E-06
尾閣人	21	3	1.78942E-06
瀉聞連	21	3	1.78942E-06
陳萎孽	21	3	1.78942E-06
四點狗會	21	4	1.78942E-06
蝗賊	21	2	1.78942E-06
文酸狗	21	3	1.78942E-06
屈人黨	21	3	1.78942E-06
jo mud 9	20	8	1.70421E-06
麻西煩	20	3	1.70421E-06
吊慣	20	2	1.70421E-06
挑記	20	2	1.70421E-06
智銀將	20	3	1.70421E-06
錄能	20	2	1.70421E-06
割榮亨	20	3	1.70421E-06
爛面蟈	20	3	1.70421E-06
虫國人	20	3	1.70421E-06
李柱命	20	3	1.70421E-06
宋楚魚	20	3	1.70421E-06
串九人	19	3	1.619E-06
矇西	19	2	1.619E-06
鏈樣	19	2	1.619E-06
佐膠	19	2	1.619E-06
窮黃絲	19	3	1.619E-06
河盡淫	19	3	1.619E-06
蛆國人	19	3	1.619E-06
王蟻	19	2	1.619E-06
攝妓	19	2	1.619E-06
菜嬰魂	19	3	1.619E-06
肥娥	19	2	1.619E-06
劣政師	19	3	1.619E-06
鄺暴	19	2	1.619E-06
偽仁	19	2	1.619E-06
嵌家	18	2	1.53379E-06
奇九怪	18	3	1.53379E-06
第能	18	2	1.53379E-06
醜能到	18	3	1.53379E-06
博人吊	18	3	1.53379E-06
啞能左	18	3	1.53379E-06
江交全	18	3	1.53379E-06
燃仲痕	18	3	1.53379E-06
狗國人	18	3	1.53379E-06
汪痴	18	2	1.53379E-06
腥港仁	18	3	1.53379E-06
燒藥員	18	3	1.53379E-06
角榮亨	18	3	1.53379E-06
林大虧	18	3	1.53379E-06
師畜	18	2	1.53379E-06
馬面儀	18	3	1.53379E-06
斑膿	18	2	1.53379E-06
狼鎮鷹	18	3	1.53379E-06
狐官	18	2	1.53379E-06
奠婆	18	2	1.53379E-06
屍腸	18	2	1.53379E-06
小到邊	17	3	1.44858E-06
有西膽	17	3	1.44858E-06
杜文狗	17	3	1.44858E-06
聞酸狗	17	3	1.44858E-06
蛆蝈	17	2	1.44858E-06
蛜	17	1	1.44858E-06
蚏蛾	17	2	1.44858E-06
警古	17	2	1.44858E-06
黎厠英	17	3	1.44858E-06
肥卿	17	2	1.44858E-06
蝗洋達	17	3	1.44858E-06
低智英	17	3	1.44858E-06
傻聰	17	2	1.44858E-06
禽流黨	17	3	1.44858E-06
攻聞袋	17	3	1.44858E-06
割文黨	17	3	1.44858E-06
驚嘿	16	2	1.36337E-06
好銀驚	16	3	1.36337E-06
執燃	16	2	1.36337E-06
台灣蟲	16	3	1.36337E-06
范國西	16	3	1.36337E-06
遊惠精	16	3	1.36337E-06
蕭老狗	16	3	1.36337E-06
乞衣戶	16	3	1.36337E-06
終蟈淫	16	3	1.36337E-06
狼瓜傑	16	3	1.36337E-06
罌國人	16	3	1.36337E-06
賴共鬼	16	3	1.36337E-06
楊委橋	16	3	1.36337E-06
騷精娼	16	3	1.36337E-06
犯角龜	15	3	1.27816E-06
蝗友	15	2	1.27816E-06
魚藥微	15	3	1.27816E-06
妖娥	15	2	1.27816E-06
我蝈	15	2	1.27816E-06
較怯	15	2	1.27816E-06
梁國熊	15	3	1.27816E-06
死肥聰	15	3	1.27816E-06
憎陰拳	15	3	1.27816E-06
狗琦	15	2	1.27816E-06
社蠻	15	2	1.27816E-06
肛吻黨	15	3	1.27816E-06
杏+橙	14	3	1.19295E-06
底銀死	14	3	1.19295E-06
趁地臨	14	3	1.19295E-06
封能左	14	3	1.19295E-06
西仲痕	14	3	1.19295E-06
垃圾局耳完	14	5	1.19295E-06
胃慶	14	2	1.19295E-06
肺卿	14	2	1.19295E-06
屍君蟲	14	3	1.19295E-06
譚失智	14	3	1.19295E-06
講吊人	13	3	1.10774E-06
挑利	13	2	1.10774E-06
夠燃膽	13	3	1.10774E-06
蝗粉	13	2	1.10774E-06
熱鵝	13	2	1.10774E-06
深振英	13	3	1.10774E-06
記蓄	13	2	1.10774E-06
李七淫	13	3	1.10774E-06
淫煤	13	2	1.10774E-06
警癌	13	2	1.10774E-06
屠緊生	13	3	1.10774E-06
執葉堯	13	3	1.10774E-06
紅衛冰	13	3	1.10774E-06
政昆	13	2	1.10774E-06
痔應	13	2	1.10774E-06
李老處	13	3	1.10774E-06
畜母	12	2	1.02253E-06
朴銜	12	2	1.02253E-06
乃共婆	12	3	1.02253E-06
五蚊黨	12	3	1.02253E-06
糜國人	12	3	1.02253E-06
曾俊狗	12	3	1.02253E-06
逃蟲	12	2	1.02253E-06
磚葉人士	12	4	1.02253E-06
慘國人	12	3	1.02253E-06
梁粉蟲	12	3	1.02253E-06
肥腦泥	12	3	1.02253E-06
陶渣	12	2	1.02253E-06
政妓	12	2	1.02253E-06
丟哪媽	11	3	9.37315E-07
杏嘉橙	11	3	9.37315E-07
正人西	11	3	9.37315E-07
狗仲痕	11	3	9.37315E-07
張撻明	11	3	9.37315E-07
田不類	11	3	9.37315E-07
閒傘	11	2	9.37315E-07
鬼国人	11	3	9.37315E-07
魚若眉	11	3	9.37315E-07
從孽員	11	3	9.37315E-07
淫蕙禎	11	3	9.37315E-07
警氓	11	2	9.37315E-07
黎匪	11	2	9.37315E-07
雞佬全	11	3	9.37315E-07
譚妖中	11	3	9.37315E-07
泥紙英	11	3	9.37315E-07
痴然線	10	3	8.52104E-07
可九憐	10	3	8.52104E-07
執狗左	10	3	8.52104E-07
卵款	10	2	8.52104E-07
講麥春	10	3	8.52104E-07
何俊狗	10	3	8.52104E-07
華春瑩子	10	4	8.52104E-07
蝗叔	10	2	8.52104E-07
蓄蟲	10	2	8.52104E-07
棺材子	10	3	8.52104E-07
牆国人	10	3	8.52104E-07
肛淫黨	10	3	8.52104E-07
霉角	10	2	8.52104E-07
栗政屍	10	3	8.52104E-07
魚藥眉	10	3	8.52104E-07
范國虧	10	3	8.52104E-07
張華瘋	10	3	8.52104E-07
陰九濕	9	3	7.66894E-07
魯姆西	9	3	7.66894E-07
吊巨	9	2	7.66894E-07
辛九苦	9	3	7.66894E-07
正懵燃	9	3	7.66894E-07
有西權	9	3	7.66894E-07
殺能哂	9	3	7.66894E-07
輸能到	9	3	7.66894E-07
爆菊傑	9	3	7.66894E-07
李雀痕	9	3	7.66894E-07
范國雞	9	3	7.66894E-07
李削人	9	3	7.66894E-07
羊岳喬	9	3	7.66894E-07
蝀	9	1	7.66894E-07
林鄭穴	9	3	7.66894E-07
死克狗	9	3	7.66894E-07
泥紙鷹	9	3	7.66894E-07
飛雞豪	9	3	7.66894E-07
劣症	9	2	7.66894E-07
姜溶	9	2	7.66894E-07
盲燃	8	2	6.81683E-07
丟雷	8	2	6.81683E-07
炒狗左	8	3	6.81683E-07
恆家	8	2	6.81683E-07
玩狗班	8	3	6.81683E-07
親地林	8	3	6.81683E-07
壬尸	8	2	6.81683E-07
魚旦厲	8	3	6.81683E-07
越蛾	8	2	6.81683E-07
逃聾	8	2	6.81683E-07
涼角熊	8	3	6.81683E-07
吳黑儉	8	3	6.81683E-07
肛哩	8	2	6.81683E-07
廁鷹	8	2	6.81683E-07
淫鼠黨	8	3	6.81683E-07
塗謹辛	8	3	6.81683E-07
痴系線	7	3	5.96473E-07
費西事	7	3	5.96473E-07
陰能功	7	3	5.96473E-07
福夭	7	2	5.96473E-07
牛小麗	7	3	5.96473E-07
孽源	7	2	5.96473E-07
傻佩澳	7	3	5.96473E-07
肥雞麥	7	3	5.96473E-07
張達暗	7	3	5.96473E-07
執葉律司	7	4	5.96473E-07
彭尸	7	2	5.96473E-07
邪共人	7	3	5.96473E-07
菜陰紋	7	3	5.96473E-07
陸佰狗	7	3	5.96473E-07
瀨尿仁	7	3	5.96473E-07
基篤桃	7	3	5.96473E-07
蠻主黨	7	3	5.96473E-07
人七無藥醫	6	5	5.11263E-07
告西得入	6	4	5.11263E-07
喊春	6	2	5.11263E-07
走燃左	6	3	5.11263E-07
好銀忙	6	3	5.11263E-07
沈畜	6	2	5.11263E-07
李悼人	6	3	5.11263E-07
犯角西	6	3	5.11263E-07
貪松	6	2	5.11263E-07
塗膿	6	2	5.11263E-07
嬰角人	6	3	5.11263E-07
支戀會	6	3	5.11263E-07
馬奸儀	6	3	5.11263E-07
美蟈佬	6	3	5.11263E-07
狡獸	6	2	5.11263E-07
台獨犬	6	3	5.11263E-07
雛記	6	2	5.11263E-07
痔鷹	6	2	5.11263E-07
奶共師	6	3	5.11263E-07
掉啦媽	5	3	4.26052E-07
收乜野皮	5	4	4.26052E-07
痴膠佐	5	3	4.26052E-07
林姥屍	5	3	4.26052E-07
滋拿仁	5	3	4.26052E-07
香共討	5	3	4.26052E-07
孽變猿	5	3	4.26052E-07
蕭壞腦	5	3	4.26052E-07
大粟屎	5	3	4.26052E-07
瀉聞年	5	3	4.26052E-07
殆灣人	5	3	4.26052E-07
大筆裂癲	5	4	4.26052E-07
散脅	5	2	4.26052E-07
拘耳完	5	3	4.26052E-07
林雞基	5	3	4.26052E-07
日永落	5	3	4.26052E-07
西穴	4	2	3.40842E-07
鄭穴娥	4	3	3.40842E-07
偽國人	4	3	3.40842E-07
廢魯	4	2	3.40842E-07
宾州	3	2	2.55631E-07
好然型	3	3	2.55631E-07
美割人	3	3	2.55631E-07
香港種恥	3	4	2.55631E-07
賭春	2	2	1.70421E-07
蛆国人	2	3	1.70421E-07
林賴月娥	2	4	1.70421E-07
on lun77	1	8	8.52104E-08
封燃左	1	3	8.52104E-08
黃碌燃	1	3	8.52104E-08
游胃蒸	1	3	8.52104E-08
畜國人	1	3	8.52104E-08
蔡蛇	1	2	8.52104E-08
乞衣政苦	1	4	8.52104E-08